Время(наносек)	Количество итераций	Количество входных данных
12100	1879	188
24000	3591	298
21800	3773	311
37600	6620	491
53500	9861	671
65100	12291	814
131000	23928	1337
173600	32418	1558
168100	32291	1774
210600	34413	1820
193800	35305	1906
212700	36528	1925
204800	35610	1976
206900	41118	2174
456400	44894	2282
229600	45889	2348
234900	46496	2398
245000	48702	2449
239900	47799	2459
261100	50307	2501
274100	56372	2593
354500	52024	2679
295600	55098	2733
292300	58643	2866
323800	59252	2914
848600	71558	3184
336500	66998	3262
383600	69250	3311
741600	71022	3443
409500	75047	3465
439300	76592	3659
460300	76988	3668
401700	78501	3697
452800	100831	4168
489500	98851	4278
462700	94837	4414
735200	133162	4615
554100	107894	4753
534600	108947	4810
691900	117752	5051
625800	123254	5272
633100	120576	5308
675700	129346	5734
737600	139267	6005
444800	175502	6190
925400	185424	6400
760300	154294	6527
805500	159919	6606
768200	155063	6610
811300	185256	6666
1005000	168389	6696
831200	165184	6829
885100	203063	6913
1009300	170532	7035
818000	164530	7035
964200	169432	7054
901700	172830	7151
1046600	169871	7167
1032800	190736	7210
1016800	176296	7314
913700	186772	7395
937200	180145	7665
957900	192569	7730
1011600	186713	7742
1077300	180074	7932
1137100	196085	7992
937200	185053	8010
1026100	198755	8035
988000	193690	8155
1127600	220838	8542
1105200	221340	8644
1200500	231560	9037
1206700	231697	9149
1152600	228453	9158
1196100	238901	9188
1407100	224730	9212
1167700	240988	9402
1534900	256309	9605
1841800	266099	9769
1240000	258247	9770
1264300	244745	9908
1269100	255538	9957
